result|stdev|iterations|regulation|learnrate
1.35684|0|20|0.000000|0.0001
1.2814|0|20|0.000000|0.0006
1.27682|0|20|0.000000|0.0011
1.27695|0|20|0.000000|0.0016
1.27788|0|20|0.000000|0.0021
1.27911|0|20|0.000000|0.0026
1.28054|0|20|0.000000|0.0031
1.28215|0|20|0.000000|0.0036
1.28392|0|20|0.000000|0.0041
1.28578|0|20|0.000000|0.0046
1.28771|0|20|0.000000|0.0051
1.28965|0|20|0.000000|0.0056
1.29158|0|20|0.000000|0.0061
1.2935|0|20|0.000000|0.0066
1.29543|0|20|0.000000|0.0071
1.25948|0|200|0.000000|0.0001
1.29733|0|20|0.000000|0.0076
1.29919|0|20|0.000000|0.0081
1.30099|0|20|0.000000|0.0086
1.30274|0|20|0.000000|0.0091
1.30443|0|20|0.000000|0.0096
1.2519|0|200|0.000000|0.0006
1.54208|0|20|0.200000|0.0001
1.25783|0|280|0.000000|0.0001
1.37544|0|20|0.200000|0.0006
1.35192|0|20|0.200000|0.0011
1.25234|0|200|0.000000|0.0011
1.34577|0|20|0.200000|0.0016
1.346|0|20|0.200000|0.0021
1.25729|0|340|0.000000|0.0001
1.34878|0|20|0.200000|0.0026
1.35243|0|20|0.200000|0.0031
1.25376|0|280|0.000000|0.0006
1.35618|0|20|0.200000|0.0036
1.2531|0|200|0.000000|0.0016
1.35964|0|20|0.200000|0.0041
1.36264|0|20|0.200000|0.0046
1.36517|0|20|0.200000|0.0051
1.36726|0|20|0.200000|0.0056
1.25394|0|200|0.000000|0.0021
1.25651|0|340|0.000000|0.0006
1.36897|0|20|0.200000|0.0061
1.25282|0|280|0.000000|0.0011
1.37032|0|20|0.200000|0.0066
1.37136|0|20|0.200000|0.0071
1.37218|0|20|0.200000|0.0076
1.25492|0|200|0.000000|0.0026
1.37282|0|20|0.200000|0.0081
1.37333|0|20|0.200000|0.0086
1.37372|0|20|0.200000|0.0091
1.25254|0|280|0.000000|0.0016
1.37402|0|20|0.200000|0.0096
1.25607|0|340|0.000000|0.0011
1.25602|0|200|0.000000|0.0031
1.71776|0|20|0.400000|0.0001
1.51263|0|20|0.400000|0.0006
1.49183|0|20|0.400000|0.0011
1.49088|0|20|0.400000|0.0016
1.25272|0|280|0.000000|0.0021
1.25723|0|200|0.000000|0.0036
1.49425|0|20|0.400000|0.0021
1.49818|0|20|0.400000|0.0026
1.25569|0|340|0.000000|0.0016
1.50144|0|20|0.400000|0.0031
1.5038|0|20|0.400000|0.0036
1.50527|0|20|0.400000|0.0041
1.25853|0|200|0.000000|0.0041
1.50602|0|20|0.400000|0.0046
1.2533|0|280|0.000000|0.0026
1.50619|0|20|0.400000|0.0051
1.50591|0|20|0.400000|0.0056
1.50535|0|20|0.400000|0.0061
1.25551|0|340|0.000000|0.0021
1.50458|0|20|0.400000|0.0066
1.25994|0|200|0.000000|0.0046
1.50369|0|20|0.400000|0.0071
1.50274|0|20|0.400000|0.0076
1.25416|0|280|0.000000|0.0031
1.50177|0|20|0.400000|0.0081
1.5008|0|20|0.400000|0.0086
1.26144|0|200|0.000000|0.0051
1.49987|0|20|0.400000|0.0091
1.49897|0|20|0.400000|0.0096
1.25559|0|340|0.000000|0.0026
1.89449|0|20|0.600000|0.0001
1.25522|0|280|0.000000|0.0036
1.26299|0|200|0.000000|0.0056
1.66516|0|20|0.600000|0.0006
1.64647|0|20|0.600000|0.0011
1.64717|0|20|0.600000|0.0016
1.6507|0|20|0.600000|0.0021
1.65349|0|20|0.600000|0.0026
1.26457|0|200|0.000000|0.0061
1.25643|0|280|0.000000|0.0041
1.65498|0|20|0.600000|0.0031
1.25596|0|340|0.000000|0.0031
1.65524|0|20|0.600000|0.0036
1.65456|0|20|0.600000|0.0041
1.65327|0|20|0.600000|0.0046
1.26614|0|200|0.000000|0.0066
1.65159|0|20|0.600000|0.0051
1.64974|0|20|0.600000|0.0056
1.25776|0|280|0.000000|0.0046
1.64782|0|20|0.600000|0.0061
1.64592|0|20|0.600000|0.0066
1.25657|0|340|0.000000|0.0036
1.64408|0|20|0.600000|0.0071
1.26773|0|200|0.000000|0.0071
1.64234|0|20|0.600000|0.0076
1.64073|0|20|0.600000|0.0081
1.63925|0|20|0.600000|0.0086
1.63792|0|20|0.600000|0.0091
1.25919|0|280|0.000000|0.0051
1.26929|0|200|0.000000|0.0076
1.63672|0|20|0.600000|0.0096
2.06348|0|20|0.800000|0.0001
1.25741|0|340|0.000000|0.0041
1.81889|0|20|0.800000|0.0006
1.8025|0|20|0.800000|0.0011
1.27084|0|200|0.000000|0.0081
1.80387|0|20|0.800000|0.0016
1.26071|0|280|0.000000|0.0056
1.80647|0|20|0.800000|0.0021
1.80755|0|20|0.800000|0.0026
1.80703|0|20|0.800000|0.0031
1.27235|0|200|0.000000|0.0086
1.8054|0|20|0.800000|0.0036
1.80311|0|20|0.800000|0.0041
1.25838|0|340|0.000000|0.0046
1.26231|0|280|0.000000|0.0061
1.8005|0|20|0.800000|0.0046
1.79778|0|20|0.800000|0.0051
1.7951|0|20|0.800000|0.0056
1.27384|0|200|0.000000|0.0091
1.79257|0|20|0.800000|0.0061
1.79024|0|20|0.800000|0.0066
1.78812|0|20|0.800000|0.0071
1.26392|0|280|0.000000|0.0066
1.25946|0|340|0.000000|0.0051
1.78623|0|20|0.800000|0.0076
1.2753|0|200|0.000000|0.0096
1.78457|0|20|0.800000|0.0081
1.78311|0|20|0.800000|0.0086
1.78185|0|20|0.800000|0.0091
1.78078|0|20|0.800000|0.0096
1.26554|0|280|0.000000|0.0071
2.22222|0|20|1.000000|0.0001
1.96898|0|20|1.000000|0.0006
1.26062|0|340|0.000000|0.0056
1.95502|0|20|1.000000|0.0011
1.95655|0|20|1.000000|0.0016
1.95777|0|20|1.000000|0.0021
1.95703|0|20|1.000000|0.0026
1.35795|0|200|0.200000|0.0001
1.95482|0|20|1.000000|0.0031
1.26715|0|280|0.000000|0.0076
1.95178|0|20|1.000000|0.0036
1.9484|0|20|1.000000|0.0041
1.26186|0|340|0.000000|0.0061
1.94498|0|20|1.000000|0.0046
1.34406|0|200|0.200000|0.0006
1.94172|0|20|1.000000|0.0051
1.93873|0|20|1.000000|0.0056
1.93605|0|20|1.000000|0.0061
1.26877|0|280|0.000000|0.0081
1.93369|0|20|1.000000|0.0066
1.93165|0|20|1.000000|0.0071
1.35493|0|200|0.200000|0.0011
1.92992|0|20|1.000000|0.0076
1.92847|0|20|1.000000|0.0081
1.26315|0|340|0.000000|0.0066
1.92728|0|20|1.000000|0.0086
1.92631|0|20|1.000000|0.0091
1.27038|0|280|0.000000|0.0086
1.3588|0|200|0.200000|0.0016
1.92554|0|20|1.000000|0.0096
1.34053|0.2|20|0.000000|0.0001
1.25276|0.2|20|0.000000|0.0006
1.36047|0|200|0.200000|0.0021
1.26448|0|340|0.000000|0.0071
1.23343|0.2|20|0.000000|0.0011
1.27196|0|280|0.000000|0.0091
1.22453|0.2|20|0.000000|0.0016
1.22914|0.2|20|0.000000|0.0021
1.23502|0.2|20|0.000000|0.0026
1.36177|0|200|0.200000|0.0026
1.2364|0.2|20|0.000000|0.0031
1.23538|0.2|20|0.000000|0.0036
1.24282|0.2|20|0.000000|0.0041
1.24968|0.2|20|0.000000|0.0046
1.27353|0|280|0.000000|0.0096
1.26584|0|340|0.000000|0.0076
1.25501|0.2|20|0.000000|0.0051
1.36317|0|200|0.200000|0.0031
1.25582|0.2|20|0.000000|0.0056
1.26377|0.2|20|0.000000|0.0061
1.27602|0.2|20|0.000000|0.0066
1.27149|0.2|20|0.000000|0.0071
1.28076|0.2|20|0.000000|0.0076
1.36466|0|200|0.200000|0.0036
1.28013|0.2|20|0.000000|0.0081
1.28431|0.2|20|0.000000|0.0086
1.2672|0|340|0.000000|0.0081
1.29145|0.2|20|0.000000|0.0091
1.31948|0.2|20|0.000000|0.0096
1.36616|0|200|0.200000|0.0041
1.52432|0.2|20|0.200000|0.0001
1.27209|0.2|20|0.200000|0.0006
1.23286|0.2|20|0.200000|0.0011
1.3457|0|280|0.200000|0.0001
1.26855|0|340|0.000000|0.0086
1.23463|0.2|20|0.200000|0.0016
1.36756|0|200|0.200000|0.0046
1.24016|0.2|20|0.200000|0.0021
1.2434|0.2|20|0.200000|0.0026
1.25716|0.2|20|0.200000|0.0031
1.25675|0.2|20|0.200000|0.0036
1.26426|0.2|20|0.200000|0.0041
1.36886|0|200|0.200000|0.0051
1.34497|0|280|0.200000|0.0006
1.26258|0.2|20|0.200000|0.0046
1.27702|0.2|20|0.200000|0.0051
1.26992|0|340|0.000000|0.0091
1.27676|0.2|20|0.200000|0.0056
1.28015|0.2|20|0.200000|0.0061
1.29265|0.2|20|0.200000|0.0066
1.37001|0|200|0.200000|0.0056
1.2928|0.2|20|0.200000|0.0071
1.35528|0|280|0.200000|0.0011
1.29091|0.2|20|0.200000|0.0076
1.30813|0.2|20|0.200000|0.0081
1.31148|0.2|20|0.200000|0.0086
1.27129|0|340|0.000000|0.0096
1.31336|0.2|20|0.200000|0.0091
1.37098|0|200|0.200000|0.0061
1.31591|0.2|20|0.200000|0.0096
1.35887|0|280|0.200000|0.0016
1.69691|0.2|20|0.400000|0.0001
1.29168|0.2|20|0.400000|0.0006
1.28109|0.2|20|0.400000|0.0011
1.37178|0|200|0.200000|0.0066
1.29248|0.2|20|0.400000|0.0016
1.29905|0.2|20|0.400000|0.0021
1.30604|0.2|20|0.400000|0.0026
1.3173|0.2|20|0.400000|0.0031
1.36048|0|280|0.200000|0.0021
1.37242|0|200|0.200000|0.0071
1.31951|0.2|20|0.400000|0.0036
1.32295|0.2|20|0.400000|0.0041
1.33056|0.2|20|0.400000|0.0046
1.334|0.2|20|0.400000|0.0051
1.3379|0.2|20|0.400000|0.0056
1.37294|0|200|0.200000|0.0076
1.34437|0.2|20|0.400000|0.0061
1.36177|0|280|0.200000|0.0026
1.34999|0.2|20|0.400000|0.0066
1.35536|0.2|20|0.400000|0.0071
1.34001|0|340|0.200000|0.0001
1.35853|0.2|20|0.400000|0.0076
1.36375|0.2|20|0.400000|0.0081
1.37336|0|200|0.200000|0.0081
1.36884|0.2|20|0.400000|0.0086
1.37323|0.2|20|0.400000|0.0091
1.36317|0|280|0.200000|0.0031
1.37779|0.2|20|0.400000|0.0096
1.37369|0|200|0.200000|0.0086
1.81808|0.2|20|0.600000|0.0001
1.34525|0|340|0.200000|0.0006
1.32753|0.2|20|0.600000|0.0006
1.32308|0.2|20|0.600000|0.0011
1.33244|0.2|20|0.600000|0.0016
1.34174|0.2|20|0.600000|0.0021
1.36466|0|280|0.200000|0.0036
1.37396|0|200|0.200000|0.0091
1.35102|0.2|20|0.600000|0.0026
1.35964|0.2|20|0.600000|0.0031
1.3665|0.2|20|0.600000|0.0036
1.35534|0|340|0.200000|0.0011
1.37232|0.2|20|0.600000|0.0041
1.37417|0|200|0.200000|0.0096
1.37815|0.2|20|0.600000|0.0046
1.38401|0.2|20|0.600000|0.0051
1.36616|0|280|0.200000|0.0041
1.38937|0.2|20|0.600000|0.0056
1.39391|0.2|20|0.600000|0.0061
1.39904|0.2|20|0.600000|0.0066
1.403|0.2|20|0.600000|0.0071
1.40725|0.2|20|0.600000|0.0076
1.35888|0|340|0.200000|0.0016
1.41169|0.2|20|0.600000|0.0081
1.36756|0|280|0.200000|0.0046
1.41527|0.2|20|0.600000|0.0086
1.41934|0.2|20|0.600000|0.0091
1.42292|0.2|20|0.600000|0.0096
1.47526|0|200|0.400000|0.0001
1.99229|0.2|20|0.800000|0.0001
1.36092|0.2|20|0.800000|0.0006
1.36886|0|280|0.200000|0.0051
1.36329|0.2|20|0.800000|0.0011
1.36048|0|340|0.200000|0.0021
1.37279|0.2|20|0.800000|0.0016
1.48313|0|200|0.400000|0.0006
1.38139|0.2|20|0.800000|0.0021
1.38982|0.2|20|0.800000|0.0026
1.39729|0.2|20|0.800000|0.0031
1.40372|0.2|20|0.800000|0.0036
1.37001|0|280|0.200000|0.0056
1.4898|0|200|0.400000|0.0011
1.40967|0.2|20|0.800000|0.0041
1.41499|0.2|20|0.800000|0.0046
1.36177|0|340|0.200000|0.0026
1.42004|0.2|20|0.800000|0.0051
1.42474|0.2|20|0.800000|0.0056
1.42924|0.2|20|0.800000|0.0061
1.49267|0|200|0.400000|0.0016
1.43341|0.2|20|0.800000|0.0066
1.37098|0|280|0.200000|0.0061
1.43741|0.2|20|0.800000|0.0071
1.44123|0.2|20|0.800000|0.0076
1.44494|0.2|20|0.800000|0.0081
1.49585|0|200|0.400000|0.0021
1.36317|0|340|0.200000|0.0031
1.4485|0.2|20|0.800000|0.0086
1.45192|0.2|20|0.800000|0.0091
1.45523|0.2|20|0.800000|0.0096
1.37178|0|280|0.200000|0.0066
2.08158|0.2|20|1.000000|0.0001
1.499|0|200|0.400000|0.0026
1.40346|0.2|20|1.000000|0.0006
1.40497|0.2|20|1.000000|0.0011
1.41424|0.2|20|1.000000|0.0016
1.36466|0|340|0.200000|0.0036
1.42317|0.2|20|1.000000|0.0021
1.50163|0|200|0.400000|0.0031
1.4311|0.2|20|1.000000|0.0026
1.37242|0|280|0.200000|0.0071
1.43803|0.2|20|1.000000|0.0031
1.44407|0.2|20|1.000000|0.0036
1.44956|0.2|20|1.000000|0.0041
1.45448|0.2|20|1.000000|0.0046
1.50356|0|200|0.400000|0.0036
1.45904|0.2|20|1.000000|0.0051
1.36616|0|340|0.200000|0.0041
1.46326|0.2|20|1.000000|0.0056
1.37294|0|280|0.200000|0.0076
1.46726|0.2|20|1.000000|0.0061
1.47103|0.2|20|1.000000|0.0066
1.47465|0.2|20|1.000000|0.0071
1.50479|0|200|0.400000|0.0041
1.47811|0.2|20|1.000000|0.0076
1.48147|0.2|20|1.000000|0.0081
1.48475|0.2|20|1.000000|0.0086
1.37336|0|280|0.200000|0.0081
1.48794|0.2|20|1.000000|0.0091
1.36756|0|340|0.200000|0.0046
1.50541|0|200|0.400000|0.0046
1.49106|0.2|20|1.000000|0.0096
1.38752|0.4|20|0.000000|0.0001
1.28612|0.4|20|0.000000|0.0006
1.50553|0|200|0.400000|0.0051
1.37369|0|280|0.200000|0.0086
1.26907|0.4|20|0.000000|0.0011
1.25471|0.4|20|0.000000|0.0016
1.36886|0|340|0.200000|0.0051
1.24498|0.4|20|0.000000|0.0021
1.25677|0.4|20|0.000000|0.0026
1.50527|0|200|0.400000|0.0056
1.25042|0.4|20|0.000000|0.0031
1.24273|0.4|20|0.000000|0.0036
1.37396|0|280|0.200000|0.0091
1.26705|0.4|20|0.000000|0.0041
1.26138|0.4|20|0.000000|0.0046
1.50474|0|200|0.400000|0.0061
1.27404|0.4|20|0.000000|0.0051
1.27613|0.4|20|0.000000|0.0056
1.37001|0|340|0.200000|0.0056
1.26494|0.4|20|0.000000|0.0061
1.26305|0.4|20|0.000000|0.0066
1.37417|0|280|0.200000|0.0096
1.50401|0|200|0.400000|0.0066
1.27339|0.4|20|0.000000|0.0071
1.29247|0.4|20|0.000000|0.0076
1.28925|0.4|20|0.000000|0.0081
1.28223|0.4|20|0.000000|0.0086
1.30132|0.4|20|0.000000|0.0091
1.50318|0|200|0.400000|0.0071
1.37098|0|340|0.200000|0.0061
1.32429|0.4|20|0.000000|0.0096
1.54071|0.4|20|0.200000|0.0001
1.28156|0.4|20|0.200000|0.0006
1.2504|0.4|20|0.200000|0.0011
1.50228|0|200|0.400000|0.0076
1.24187|0.4|20|0.200000|0.0016
1.24634|0.4|20|0.200000|0.0021
1.37178|0|340|0.200000|0.0066
1.25573|0.4|20|0.200000|0.0026
1.25572|0.4|20|0.200000|0.0031
1.26318|0.4|20|0.200000|0.0036
1.46236|0|280|0.400000|0.0001
1.50137|0|200|0.400000|0.0081
1.26462|0.4|20|0.200000|0.0041
1.27295|0.4|20|0.200000|0.0046
1.2769|0.4|20|0.200000|0.0051
1.27933|0.4|20|0.200000|0.0056
1.28534|0.4|20|0.200000|0.0061
1.37242|0|340|0.200000|0.0071
1.50045|0|200|0.400000|0.0086
1.29279|0.4|20|0.200000|0.0066
1.48342|0|280|0.400000|0.0006
1.2936|0.4|20|0.200000|0.0071
1.29915|0.4|20|0.200000|0.0076
1.3026|0.4|20|0.200000|0.0081
1.31255|0.4|20|0.200000|0.0086
1.49957|0|200|0.400000|0.0091
1.3215|0.4|20|0.200000|0.0091
1.31521|0.4|20|0.200000|0.0096
1.37294|0|340|0.200000|0.0076
1.48986|0|280|0.400000|0.0011
1.69304|0.4|20|0.400000|0.0001
1.49871|0|200|0.400000|0.0096
1.30029|0.4|20|0.400000|0.0006
1.27556|0.4|20|0.400000|0.0011
1.28627|0.4|20|0.400000|0.0016
1.29776|0.4|20|0.400000|0.0021
1.49268|0|280|0.400000|0.0016
1.30396|0.4|20|0.400000|0.0026
1.37336|0|340|0.200000|0.0081
1.30683|0.4|20|0.400000|0.0031
1.31531|0.4|20|0.400000|0.0036
1.31983|0.4|20|0.400000|0.0041
1.32922|0.4|20|0.400000|0.0046
1.33487|0.4|20|0.400000|0.0051
1.49585|0|280|0.400000|0.0021
1.33813|0.4|20|0.400000|0.0056
1.61553|0|200|0.600000|0.0001
1.34349|0.4|20|0.400000|0.0061
1.34717|0.4|20|0.400000|0.0066
1.37369|0|340|0.200000|0.0086
1.35326|0.4|20|0.400000|0.0071
1.35964|0.4|20|0.400000|0.0076
1.36492|0.4|20|0.400000|0.0081
1.63319|0|200|0.600000|0.0006
1.36687|0.4|20|0.400000|0.0086
1.499|0|280|0.400000|0.0026
1.37232|0.4|20|0.400000|0.0091
1.3765|0.4|20|0.400000|0.0096
1.37396|0|340|0.200000|0.0091
1.83547|0.4|20|0.600000|0.0001
1.63856|0|200|0.600000|0.0011
1.32821|0.4|20|0.600000|0.0006
1.32403|0.4|20|0.600000|0.0011
1.50163|0|280|0.400000|0.0031
1.33092|0.4|20|0.600000|0.0016
1.34051|0.4|20|0.600000|0.0021
1.34822|0.4|20|0.600000|0.0026
1.64374|0|200|0.600000|0.0016
1.35774|0.4|20|0.600000|0.0031
1.36467|0.4|20|0.600000|0.0036
1.37417|0|340|0.200000|0.0096
1.50356|0|280|0.400000|0.0036
1.36968|0.4|20|0.600000|0.0041
1.37736|0.4|20|0.600000|0.0046
1.64847|0|200|0.600000|0.0021
1.3824|0.4|20|0.600000|0.0051
1.38844|0.4|20|0.600000|0.0056
1.39221|0.4|20|0.600000|0.0061
1.39736|0.4|20|0.600000|0.0066
1.65175|0|200|0.600000|0.0026
1.40216|0.4|20|0.600000|0.0071
1.50479|0|280|0.400000|0.0041
1.4064|0.4|20|0.600000|0.0076
1.41087|0.4|20|0.600000|0.0081
1.41431|0.4|20|0.600000|0.0086
1.41888|0.4|20|0.600000|0.0091
1.65347|0|200|0.600000|0.0031
1.42235|0.4|20|0.600000|0.0096
1.50541|0|280|0.400000|0.0046
1.9366|0.4|20|0.800000|0.0001
1.36184|0.4|20|0.800000|0.0006
1.36339|0.4|20|0.800000|0.0011
1.65389|0|200|0.600000|0.0036
1.36998|0.4|20|0.800000|0.0016
1.45746|0|340|0.400000|0.0001
1.3804|0.4|20|0.800000|0.0021
1.38936|0.4|20|0.800000|0.0026
1.50553|0|280|0.400000|0.0051
1.39696|0.4|20|0.800000|0.0031
1.40336|0.4|20|0.800000|0.0036
1.65338|0|200|0.600000|0.0041
1.40934|0.4|20|0.800000|0.0041
1.41448|0.4|20|0.800000|0.0046
1.41963|0.4|20|0.800000|0.0051
1.42469|0.4|20|0.800000|0.0056
1.50527|0|280|0.400000|0.0056
1.48352|0|340|0.400000|0.0006
1.65225|0|200|0.600000|0.0046
1.42901|0.4|20|0.800000|0.0061
1.43337|0.4|20|0.800000|0.0066
1.43731|0.4|20|0.800000|0.0071
1.4412|0.4|20|0.800000|0.0076
1.44485|0.4|20|0.800000|0.0081
1.65074|0|200|0.600000|0.0051
1.44843|0.4|20|0.800000|0.0086
1.50474|0|280|0.400000|0.0061
1.45186|0.4|20|0.800000|0.0091
1.45516|0.4|20|0.800000|0.0096
1.48987|0|340|0.400000|0.0011
2.02267|0.4|20|1.000000|0.0001
1.64902|0|200|0.600000|0.0056
1.40537|0.4|20|1.000000|0.0006
1.4034|0.4|20|1.000000|0.0011
1.50401|0|280|0.400000|0.0066
1.41346|0.4|20|1.000000|0.0016
1.42273|0.4|20|1.000000|0.0021
1.64722|0|200|0.600000|0.0061
1.43075|0.4|20|1.000000|0.0026
1.49268|0|340|0.400000|0.0016
1.43787|0.4|20|1.000000|0.0031
1.44389|0.4|20|1.000000|0.0036
1.4495|0.4|20|1.000000|0.0041
1.4545|0.4|20|1.000000|0.0046
1.64543|0|200|0.600000|0.0066
1.50318|0|280|0.400000|0.0071
1.45902|0.4|20|1.000000|0.0051
1.4632|0.4|20|1.000000|0.0056
1.46721|0.4|20|1.000000|0.0061
1.49585|0|340|0.400000|0.0021
1.47104|0.4|20|1.000000|0.0066
1.64368|0|200|0.600000|0.0071
1.47463|0.4|20|1.000000|0.0071
1.4781|0.4|20|1.000000|0.0076
1.50228|0|280|0.400000|0.0076
1.48147|0.4|20|1.000000|0.0081
1.48475|0.4|20|1.000000|0.0086
1.64202|0|200|0.600000|0.0076
1.48793|0.4|20|1.000000|0.0091
1.49105|0.4|20|1.000000|0.0096
1.499|0|340|0.400000|0.0026
1.50137|0|280|0.400000|0.0081
1.48748|0.6|20|0.000000|0.0001
1.64046|0|200|0.600000|0.0081
1.3187|0.6|20|0.000000|0.0006
1.29097|0.6|20|0.000000|0.0011
1.27483|0.6|20|0.000000|0.0016
1.26618|0.6|20|0.000000|0.0021
1.63904|0|200|0.600000|0.0086
1.26182|0.6|20|0.000000|0.0026
1.50045|0|280|0.400000|0.0086
1.50163|0|340|0.400000|0.0031
1.26895|0.6|20|0.000000|0.0031
1.27516|0.6|20|0.000000|0.0036
1.25485|0.6|20|0.000000|0.0041
1.26908|0.6|20|0.000000|0.0046
1.63775|0|200|0.600000|0.0091
1.26408|0.6|20|0.000000|0.0051
1.28491|0.6|20|0.000000|0.0056
1.49957|0|280|0.400000|0.0091
1.28523|0.6|20|0.000000|0.0061
1.50356|0|340|0.400000|0.0036
1.2812|0.6|20|0.000000|0.0066
1.63658|0|200|0.600000|0.0096
1.30078|0.6|20|0.000000|0.0071
1.29604|0.6|20|0.000000|0.0076
1.30373|0.6|20|0.000000|0.0081
1.30999|0.6|20|0.000000|0.0086
1.49871|0|280|0.400000|0.0096
1.30663|0.6|20|0.000000|0.0091
1.29883|0.6|20|0.000000|0.0096
1.50479|0|340|0.400000|0.0041
1.59953|0.6|20|0.200000|0.0001
1.32522|0.6|20|0.200000|0.0006
1.26961|0.6|20|0.200000|0.0011
1.24995|0.6|20|0.200000|0.0016
1.76535|0|200|0.800000|0.0001
1.25332|0.6|20|0.200000|0.0021
1.26006|0.6|20|0.200000|0.0026
1.50541|0|340|0.400000|0.0046
1.25693|0.6|20|0.200000|0.0031
1.27066|0.6|20|0.200000|0.0036
1.26134|0.6|20|0.200000|0.0041
1.78586|0|200|0.800000|0.0006
1.27106|0.6|20|0.200000|0.0046
1.27504|0.6|20|0.200000|0.0051
1.27955|0.6|20|0.200000|0.0056
1.60466|0|280|0.600000|0.0001
1.28653|0.6|20|0.200000|0.0061
1.50553|0|340|0.400000|0.0051
1.79239|0|200|0.800000|0.0011
1.29612|0.6|20|0.200000|0.0066
1.29059|0.6|20|0.200000|0.0071
1.29116|0.6|20|0.200000|0.0076
1.31092|0.6|20|0.200000|0.0081
1.306|0.6|20|0.200000|0.0086
1.79902|0|200|0.800000|0.0016
1.30972|0.6|20|0.200000|0.0091
1.63324|0|280|0.600000|0.0006
1.32152|0.6|20|0.200000|0.0096
1.50527|0|340|0.400000|0.0056
1.74299|0.6|20|0.400000|0.0001
1.80344|0|200|0.800000|0.0021
1.30762|0.6|20|0.400000|0.0006
1.28845|0.6|20|0.400000|0.0011
1.28903|0.6|20|0.400000|0.0016
1.63857|0|280|0.600000|0.0011
1.29403|0.6|20|0.400000|0.0021
1.30222|0.6|20|0.400000|0.0026
1.80533|0|200|0.800000|0.0026
1.50474|0|340|0.400000|0.0061
1.30888|0.6|20|0.400000|0.0031
1.31787|0.6|20|0.400000|0.0036
1.32302|0.6|20|0.400000|0.0041
1.32779|0.6|20|0.400000|0.0046
1.64374|0|280|0.600000|0.0016
1.8053|0|200|0.800000|0.0031
1.33381|0.6|20|0.400000|0.0051
1.33655|0.6|20|0.400000|0.0056
1.34264|0.6|20|0.400000|0.0061
1.34742|0.6|20|0.400000|0.0066
1.50401|0|340|0.400000|0.0066
1.35319|0.6|20|0.400000|0.0071
1.80402|0|200|0.800000|0.0036
1.35736|0.6|20|0.400000|0.0076
1.64847|0|280|0.600000|0.0021
1.36433|0.6|20|0.400000|0.0081
1.36845|0.6|20|0.400000|0.0086
1.37082|0.6|20|0.400000|0.0091
1.3763|0.6|20|0.400000|0.0096
1.80201|0|200|0.800000|0.0041
1.50318|0|340|0.400000|0.0071
1.87255|0.6|20|0.600000|0.0001
1.33765|0.6|20|0.600000|0.0006
1.65175|0|280|0.600000|0.0026
1.32546|0.6|20|0.600000|0.0011
1.33089|0.6|20|0.600000|0.0016
1.79963|0|200|0.800000|0.0046
1.3391|0.6|20|0.600000|0.0021
1.34727|0.6|20|0.600000|0.0026
1.3543|0.6|20|0.600000|0.0031
1.36092|0.6|20|0.600000|0.0036
1.65347|0|280|0.600000|0.0031
1.50228|0|340|0.400000|0.0076
1.79709|0|200|0.800000|0.0051
1.36964|0.6|20|0.600000|0.0041
1.37531|0.6|20|0.600000|0.0046
1.38036|0.6|20|0.600000|0.0051
1.38547|0.6|20|0.600000|0.0056
1.39172|0.6|20|0.600000|0.0061
1.79457|0|200|0.800000|0.0056
1.65389|0|280|0.600000|0.0036
1.3965|0.6|20|0.600000|0.0066
1.50137|0|340|0.400000|0.0081
1.40181|0.6|20|0.600000|0.0071
1.40585|0.6|20|0.600000|0.0076
1.4105|0.6|20|0.600000|0.0081
1.79217|0|200|0.800000|0.0061
1.41479|0.6|20|0.600000|0.0086
1.41815|0.6|20|0.600000|0.0091
1.65338|0|280|0.600000|0.0041
1.42189|0.6|20|0.600000|0.0096
1.50045|0|340|0.400000|0.0086
1.78993|0|200|0.800000|0.0066
1.95701|0.6|20|0.800000|0.0001
1.36939|0.6|20|0.800000|0.0006
1.36161|0.6|20|0.800000|0.0011
1.3699|0.6|20|0.800000|0.0016
1.65225|0|280|0.600000|0.0046
1.3802|0.6|20|0.800000|0.0021
1.78788|0|200|0.800000|0.0071
1.38804|0.6|20|0.800000|0.0026
1.39554|0.6|20|0.800000|0.0031
1.49957|0|340|0.400000|0.0091
1.40225|0.6|20|0.800000|0.0036
1.40876|0.6|20|0.800000|0.0041
1.41455|0.6|20|0.800000|0.0046
1.78605|0|200|0.800000|0.0076
1.65074|0|280|0.600000|0.0051
1.4196|0.6|20|0.800000|0.0051
1.42449|0.6|20|0.800000|0.0056
1.42886|0.6|20|0.800000|0.0061
1.43318|0.6|20|0.800000|0.0066
1.43707|0.6|20|0.800000|0.0071
1.78443|0|200|0.800000|0.0081
1.49871|0|340|0.400000|0.0096
1.44113|0.6|20|0.800000|0.0076
1.44483|0.6|20|0.800000|0.0081
1.64902|0|280|0.600000|0.0056
1.44842|0.6|20|0.800000|0.0086
1.45186|0.6|20|0.800000|0.0091
1.783|0|200|0.800000|0.0086
1.45517|0.6|20|0.800000|0.0096
1.98415|0.6|20|1.000000|0.0001
1.40956|0.6|20|1.000000|0.0006
1.64722|0|280|0.600000|0.0061
1.40472|0.6|20|1.000000|0.0011
1.78177|0|200|0.800000|0.0091
1.41396|0.6|20|1.000000|0.0016
1.42277|0.6|20|1.000000|0.0021
1.43031|0.6|20|1.000000|0.0026
1.43774|0.6|20|1.000000|0.0031
1.44373|0.6|20|1.000000|0.0036
1.78072|0|200|0.800000|0.0096
1.64543|0|280|0.600000|0.0066
1.44934|0.6|20|1.000000|0.0041
1.45423|0.6|20|1.000000|0.0046
1.45892|0.6|20|1.000000|0.0051
1.46319|0.6|20|1.000000|0.0056
1.60093|0|340|0.600000|0.0001
1.46717|0.6|20|1.000000|0.0061
1.47097|0.6|20|1.000000|0.0066
1.64368|0|280|0.600000|0.0071
1.4746|0.6|20|1.000000|0.0071
1.47808|0.6|20|1.000000|0.0076
1.48146|0.6|20|1.000000|0.0081
1.48473|0.6|20|1.000000|0.0086
1.91577|0|200|1.000000|0.0001
1.48792|0.6|20|1.000000|0.0091
1.63326|0|340|0.600000|0.0006
1.49104|0.6|20|1.000000|0.0096
1.64202|0|280|0.600000|0.0076
1.60466|0.8|20|0.000000|0.0001
1.9362|0|200|1.000000|0.0006
1.33416|0.8|20|0.000000|0.0006
1.31009|0.8|20|0.000000|0.0011
1.29315|0.8|20|0.000000|0.0016
1.64046|0|280|0.600000|0.0081
1.63857|0|340|0.600000|0.0011
1.28832|0.8|20|0.000000|0.0021
1.94456|0|200|1.000000|0.0011
1.27133|0.8|20|0.000000|0.0026
1.27755|0.8|20|0.000000|0.0031
1.28536|0.8|20|0.000000|0.0036
1.29232|0.8|20|0.000000|0.0041
1.29349|0.8|20|0.000000|0.0046
1.63904|0|280|0.600000|0.0086
1.95147|0|200|1.000000|0.0016
1.30322|0.8|20|0.000000|0.0051
1.29156|0.8|20|0.000000|0.0056
1.64374|0|340|0.600000|0.0016
1.29989|0.8|20|0.000000|0.0061
1.29513|0.8|20|0.000000|0.0066
1.95462|0|200|1.000000|0.0021
1.29156|0.8|20|0.000000|0.0071
1.30493|0.8|20|0.000000|0.0076
1.63775|0|280|0.600000|0.0091
1.29145|0.8|20|0.000000|0.0081
1.31002|0.8|20|0.000000|0.0086
1.9548|0|200|1.000000|0.0026
1.32926|0.8|20|0.000000|0.0091
1.64847|0|340|0.600000|0.0021
1.30583|0.8|20|0.000000|0.0096
1.63658|0|280|0.600000|0.0096
1.71248|0.8|20|0.200000|0.0001
1.95315|0|200|1.000000|0.0031
1.36303|0.8|20|0.200000|0.0006
1.2713|0.8|20|0.200000|0.0011
1.26497|0.8|20|0.200000|0.0016
1.26161|0.8|20|0.200000|0.0021
1.26819|0.8|20|0.200000|0.0026
1.65175|0|340|0.600000|0.0026
1.95052|0|200|1.000000|0.0036
1.27061|0.8|20|0.200000|0.0031
1.2701|0.8|20|0.200000|0.0036
1.26667|0.8|20|0.200000|0.0041
1.27219|0.8|20|0.200000|0.0046
1.2733|0.8|20|0.200000|0.0051
1.94746|0|200|1.000000|0.0041
1.28196|0.8|20|0.200000|0.0056
1.29354|0.8|20|0.200000|0.0061
1.65347|0|340|0.600000|0.0031
1.2921|0.8|20|0.200000|0.0066
1.29401|0.8|20|0.200000|0.0071
1.75638|0|280|0.800000|0.0001
1.94429|0|200|1.000000|0.0046
1.29891|0.8|20|0.200000|0.0076
1.30471|0.8|20|0.200000|0.0081
1.30696|0.8|20|0.200000|0.0086
1.30315|0.8|20|0.200000|0.0091
1.31958|0.8|20|0.200000|0.0096
1.94122|0|200|1.000000|0.0051
1.65389|0|340|0.600000|0.0036
1.78584|0|280|0.800000|0.0006
1.80287|0.8|20|0.400000|0.0001
1.33263|0.8|20|0.400000|0.0006
1.28921|0.8|20|0.400000|0.0011
1.93836|0|200|1.000000|0.0056
1.29542|0.8|20|0.400000|0.0016
1.29758|0.8|20|0.400000|0.0021
1.65338|0|340|0.600000|0.0041
1.30549|0.8|20|0.400000|0.0026
1.79239|0|280|0.800000|0.0011
1.30942|0.8|20|0.400000|0.0031
1.93578|0|200|1.000000|0.0061
1.31514|0.8|20|0.400000|0.0036
1.32568|0.8|20|0.400000|0.0041
1.32715|0.8|20|0.400000|0.0046
1.33006|0.8|20|0.400000|0.0051
1.93349|0|200|1.000000|0.0066
1.33435|0.8|20|0.400000|0.0056
1.79902|0|280|0.800000|0.0016
1.33914|0.8|20|0.400000|0.0061
1.65225|0|340|0.600000|0.0046
1.34994|0.8|20|0.400000|0.0066
1.35331|0.8|20|0.400000|0.0071
1.35906|0.8|20|0.400000|0.0076
1.93151|0|200|1.000000|0.0071
1.36471|0.8|20|0.400000|0.0081
1.36789|0.8|20|0.400000|0.0086
1.80344|0|280|0.800000|0.0021
1.37203|0.8|20|0.400000|0.0091
1.37318|0.8|20|0.400000|0.0096
1.65074|0|340|0.600000|0.0051
1.92982|0|200|1.000000|0.0076
1.93468|0.8|20|0.600000|0.0001
1.33102|0.8|20|0.600000|0.0006
1.32254|0.8|20|0.600000|0.0011
1.80533|0|280|0.800000|0.0026
1.32614|0.8|20|0.600000|0.0016
1.33345|0.8|20|0.600000|0.0021
1.9284|0|200|1.000000|0.0081
1.34582|0.8|20|0.600000|0.0026
1.64902|0|340|0.600000|0.0056
1.35664|0.8|20|0.600000|0.0031
1.36182|0.8|20|0.600000|0.0036
1.36941|0.8|20|0.600000|0.0041
1.92722|0|200|1.000000|0.0086
1.8053|0|280|0.800000|0.0031
1.37637|0.8|20|0.600000|0.0046
1.38086|0.8|20|0.600000|0.0051
1.38523|0.8|20|0.600000|0.0056
1.39148|0.8|20|0.600000|0.0061
1.39763|0.8|20|0.600000|0.0066
1.64722|0|340|0.600000|0.0061
1.92627|0|200|1.000000|0.0091
1.40127|0.8|20|0.600000|0.0071
1.40548|0.8|20|0.600000|0.0076
1.80402|0|280|0.800000|0.0036
1.4098|0.8|20|0.600000|0.0081
1.4139|0.8|20|0.600000|0.0086
1.4187|0.8|20|0.600000|0.0091
1.92551|0|200|1.000000|0.0096
1.42273|0.8|20|0.600000|0.0096
1.64543|0|340|0.600000|0.0066
2.03678|0.8|20|0.800000|0.0001
1.80201|0|280|0.800000|0.0041
1.36572|0.8|20|0.800000|0.0006
1.36563|0.8|20|0.800000|0.0011
1.36928|0.8|20|0.800000|0.0016
1.37862|0.8|20|0.800000|0.0021
1.38741|0.8|20|0.800000|0.0026
1.39585|0.8|20|0.800000|0.0031
1.40218|0.8|20|0.800000|0.0036
1.79963|0|280|0.800000|0.0046
1.64368|0|340|0.600000|0.0071
1.40885|0.8|20|0.800000|0.0041
1.41437|0.8|20|0.800000|0.0046
1.41951|0.8|20|0.800000|0.0051
1.42386|0.8|20|0.800000|0.0056
1.42885|0.8|20|0.800000|0.0061
1.4329|0.8|20|0.800000|0.0066
1.79709|0|280|0.800000|0.0051
1.43753|0.8|20|0.800000|0.0071
1.21506|0.2|200|0.000000|0.0001
1.64202|0|340|0.600000|0.0076
1.44097|0.8|20|0.800000|0.0076
1.44475|0.8|20|0.800000|0.0081
1.44813|0.8|20|0.800000|0.0086
1.45176|0.8|20|0.800000|0.0091
1.21549|0.2|200|0.000000|0.0006
1.45512|0.8|20|0.800000|0.0096
1.79457|0|280|0.800000|0.0056
2.05595|0.8|20|1.000000|0.0001
1.64046|0|340|0.600000|0.0081
1.41664|0.8|20|1.000000|0.0006
1.40304|0.8|20|1.000000|0.0011
1.22632|0.2|200|0.000000|0.0011
1.41381|0.8|20|1.000000|0.0016
1.42178|0.8|20|1.000000|0.0021
1.79217|0|280|0.800000|0.0061
1.43076|0.8|20|1.000000|0.0026
1.4367|0.8|20|1.000000|0.0031
1.22713|0.2|200|0.000000|0.0016
1.44329|0.8|20|1.000000|0.0036
1.44916|0.8|20|1.000000|0.0041
1.63904|0|340|0.600000|0.0086
1.45429|0.8|20|1.000000|0.0046
1.45885|0.8|20|1.000000|0.0051
1.78993|0|280|0.800000|0.0066
1.24018|0.2|200|0.000000|0.0021
1.46307|0.8|20|1.000000|0.0056
1.46719|0.8|20|1.000000|0.0061
1.47092|0.8|20|1.000000|0.0066
1.4746|0.8|20|1.000000|0.0071
1.47805|0.8|20|1.000000|0.0076
1.63775|0|340|0.600000|0.0091
1.25317|0.2|200|0.000000|0.0026
1.48144|0.8|20|1.000000|0.0081
1.78788|0|280|0.800000|0.0071
1.4847|0.8|20|1.000000|0.0086
1.48792|0.8|20|1.000000|0.0091
1.49104|0.8|20|1.000000|0.0096
1.25281|0.2|200|0.000000|0.0031
1.77338|1|20|0.000000|0.0001
1.63658|0|340|0.600000|0.0096
1.78605|0|280|0.800000|0.0076
1.35582|1|20|0.000000|0.0006
1.32202|1|20|0.000000|0.0011
1.25031|0.2|200|0.000000|0.0036
1.3221|1|20|0.000000|0.0016
1.31822|1|20|0.000000|0.0021
1.30875|1|20|0.000000|0.0026
1.30766|1|20|0.000000|0.0031
1.78443|0|280|0.800000|0.0081
1.26234|0.2|200|0.000000|0.0041
1.27894|1|20|0.000000|0.0036
1.32186|1|20|0.000000|0.0041
1.29557|1|20|0.000000|0.0046
1.30306|1|20|0.000000|0.0051
1.31041|1|20|0.000000|0.0056
1.2614|0.2|200|0.000000|0.0046
1.783|0|280|0.800000|0.0086
1.30961|1|20|0.000000|0.0061
1.31537|1|20|0.000000|0.0066
1.31|1|20|0.000000|0.0071
1.31399|1|20|0.000000|0.0076
1.26393|0.2|200|0.000000|0.0051
1.33258|1|20|0.000000|0.0081
1.3087|1|20|0.000000|0.0086
1.32607|1|20|0.000000|0.0091
1.78177|0|280|0.800000|0.0091
1.75345|0|340|0.800000|0.0001
1.3333|1|20|0.000000|0.0096
1.2732|0.2|200|0.000000|0.0056
1.83301|1|20|0.200000|0.0001
1.395|1|20|0.200000|0.0006
1.29801|1|20|0.200000|0.0011
1.78072|0|280|0.800000|0.0096
1.27576|1|20|0.200000|0.0016
1.27584|0.2|200|0.000000|0.0061
1.27641|1|20|0.200000|0.0021
1.26977|1|20|0.200000|0.0026
1.78584|0|340|0.800000|0.0006
1.2733|1|20|0.200000|0.0031
1.26873|1|20|0.200000|0.0036
1.27893|1|20|0.200000|0.0041
1.27817|0.2|200|0.000000|0.0066
1.28117|1|20|0.200000|0.0046
1.28113|1|20|0.200000|0.0051
1.28083|1|20|0.200000|0.0056
1.28561|1|20|0.200000|0.0061
1.79239|0|340|0.800000|0.0011
1.29178|1|20|0.200000|0.0066
1.2859|0.2|200|0.000000|0.0071
1.29649|1|20|0.200000|0.0071
1.29725|1|20|0.200000|0.0076
1.29802|1|20|0.200000|0.0081
1.30758|1|20|0.200000|0.0086
1.28804|0.2|200|0.000000|0.0076
1.307|1|20|0.200000|0.0091
1.90823|0|280|1.000000|0.0001
1.3183|1|20|0.200000|0.0096
1.79902|0|340|0.800000|0.0016
1.88171|1|20|0.400000|0.0001
1.28573|0.2|200|0.000000|0.0081
1.36686|1|20|0.400000|0.0006
1.29781|1|20|0.400000|0.0011
1.29131|1|20|0.400000|0.0016
1.93616|0|280|1.000000|0.0006
1.30242|1|20|0.400000|0.0021
1.30823|1|20|0.400000|0.0026
1.80344|0|340|0.800000|0.0021
1.29149|0.2|200|0.000000|0.0086
1.31391|1|20|0.400000|0.0031
1.31507|1|20|0.400000|0.0036
1.32306|1|20|0.400000|0.0041
1.32646|1|20|0.400000|0.0046
1.33197|1|20|0.400000|0.0051
1.94457|0|280|1.000000|0.0011
1.29297|0.2|200|0.000000|0.0091
1.34098|1|20|0.400000|0.0056
1.34298|1|20|0.400000|0.0061
1.80533|0|340|0.800000|0.0026
1.35021|1|20|0.400000|0.0066
1.35643|1|20|0.400000|0.0071
1.29273|0.2|200|0.000000|0.0096
1.3555|1|20|0.400000|0.0076
1.36386|1|20|0.400000|0.0081
1.95147|0|280|1.000000|0.0016
1.36698|1|20|0.400000|0.0086
1.37359|1|20|0.400000|0.0091
1.37626|1|20|0.400000|0.0096
1.8053|0|340|0.800000|0.0031
1.97001|1|20|0.600000|0.0001
1.37471|1|20|0.600000|0.0006
1.95462|0|280|1.000000|0.0021
1.32908|1|20|0.600000|0.0011
1.33176|1|20|0.600000|0.0016
1.24758|0.2|200|0.200000|0.0001
1.33825|1|20|0.600000|0.0021
1.34617|1|20|0.600000|0.0026
1.35691|1|20|0.600000|0.0031
1.80402|0|340|0.800000|0.0036
1.35923|1|20|0.600000|0.0036
1.9548|0|280|1.000000|0.0026
1.36713|1|20|0.600000|0.0041
1.20637|0.2|200|0.200000|0.0006
1.37528|1|20|0.600000|0.0046
1.38015|1|20|0.600000|0.0051
1.38667|1|20|0.600000|0.0056
1.39227|1|20|0.600000|0.0061
1.21194|0.2|200|0.200000|0.0011
1.80201|0|340|0.800000|0.0041
1.39582|1|20|0.600000|0.0066
1.95315|0|280|1.000000|0.0031
1.40186|1|20|0.600000|0.0071
1.40491|1|20|0.600000|0.0076
1.41031|1|20|0.600000|0.0081
1.21645|0.2|200|0.200000|0.0016
1.41372|1|20|0.600000|0.0086
1.41821|1|20|0.600000|0.0091
1.95052|0|280|1.000000|0.0036
1.42211|1|20|0.600000|0.0096
1.79963|0|340|0.800000|0.0046
1.22257|0.2|200|0.200000|0.0021
2.06254|1|20|0.800000|0.0001
1.39259|1|20|0.800000|0.0006
1.36702|1|20|0.800000|0.0011
1.36918|1|20|0.800000|0.0016
1.94746|0|280|1.000000|0.0041
1.37723|1|20|0.800000|0.0021
1.22944|0.2|200|0.200000|0.0026
1.38731|1|20|0.800000|0.0026
1.79709|0|340|0.800000|0.0051
1.39434|1|20|0.800000|0.0031
1.40184|1|20|0.800000|0.0036
1.23703|0.2|200|0.200000|0.0031
1.4079|1|20|0.800000|0.0041
1.41374|1|20|0.800000|0.0046
1.94429|0|280|1.000000|0.0046
1.41877|1|20|0.800000|0.0051
1.42449|1|20|0.800000|0.0056
1.79457|0|340|0.800000|0.0056
1.42849|1|20|0.800000|0.0061
1.23944|0.2|200|0.200000|0.0036
1.4329|1|20|0.800000|0.0066
1.43701|1|20|0.800000|0.0071
1.94122|0|280|1.000000|0.0051
1.44075|1|20|0.800000|0.0076
1.44472|1|20|0.800000|0.0081
1.44821|1|20|0.800000|0.0086
1.25197|0.2|200|0.200000|0.0041
1.45166|1|20|0.800000|0.0091
1.79217|0|340|0.800000|0.0061
1.45508|1|20|0.800000|0.0096
1.93836|0|280|1.000000|0.0056
2.19386|1|20|1.000000|0.0001
1.2556|0.2|200|0.200000|0.0046
1.42924|1|20|1.000000|0.0006
1.40455|1|20|1.000000|0.0011
1.41315|1|20|1.000000|0.0016
1.42255|1|20|1.000000|0.0021
1.78993|0|340|0.800000|0.0066
1.93578|0|280|1.000000|0.0061
1.25872|0.2|200|0.200000|0.0051
1.42837|1|20|1.000000|0.0026
1.4381|1|20|1.000000|0.0031
1.44348|1|20|1.000000|0.0036
1.44849|1|20|1.000000|0.0041
1.26794|0.2|200|0.200000|0.0056
1.45411|1|20|1.000000|0.0046
1.93349|0|280|1.000000|0.0066
1.4589|1|20|1.000000|0.0051
1.46314|1|20|1.000000|0.0056
1.78788|0|340|0.800000|0.0071
1.46699|1|20|1.000000|0.0061
1.47098|1|20|1.000000|0.0066
1.27291|0.2|200|0.200000|0.0061
1.47458|1|20|1.000000|0.0071
1.47815|1|20|1.000000|0.0076
1.93151|0|280|1.000000|0.0071
1.48145|1|20|1.000000|0.0081
1.48472|1|20|1.000000|0.0086
1.2783|0.2|200|0.200000|0.0066
1.48789|1|20|1.000000|0.0091
1.78605|0|340|0.800000|0.0076
1.49104|1|20|1.000000|0.0096
1.2817|0.2|200|0.200000|0.0071
1.92982|0|280|1.000000|0.0076
1.31079|0|40|0.000000|0.0001
1.78443|0|340|0.800000|0.0081
1.26293|0|40|0.000000|0.0006
1.28613|0.2|200|0.200000|0.0076
1.26117|0|40|0.000000|0.0011
1.9284|0|280|1.000000|0.0081
1.26126|0|40|0.000000|0.0016
1.26196|0|40|0.000000|0.0021
1.29444|0.2|200|0.200000|0.0081
1.26297|0|40|0.000000|0.0026
1.783|0|340|0.800000|0.0086
1.26414|0|40|0.000000|0.0031
