result,stdev,iterations,regulation,learnrate
1.26658,0,20,0.000000,0
1.26656,0,20,0.200000,0
1.26655,0,20,0.400000,0
1.26654,0,20,0.600000,0
1.26654,0,20,0.800000,0
1.26653,0,20,1.000000,0
1.29624,0.2,20,0.000000,0
1.27991,0.2,20,0.200000,0
1.26638,0.2,20,0.400000,0
1.26696,0.2,20,0.600000,0
1.26543,0.2,20,0.800000,0
1.25075,0.2,20,1.000000,0
1.28767,0.4,20,0.000000,0
1.26933,0.4,20,0.200000,0
1.27243,0.4,20,0.400000,0
1.26475,0.4,20,0.600000,0
1.27149,0.4,20,0.800000,0
1.25702,0.4,20,1.000000,0
1.28084,0.6,20,0.000000,0
1.2614,0.6,20,0.200000,0
1.25184,0.6,20,0.400000,0
1.25314,0.6,20,0.600000,0
1.25811,0.6,20,0.800000,0
1.25338,0.6,20,1.000000,0
1.27446,0.8,20,0.000000,0
1.27185,0.8,20,0.200000,0
1.26289,0.8,20,0.400000,0
1.2588,0.8,20,0.600000,0
1.25339,0.8,20,0.800000,0
1.25226,0.8,20,1.000000,0
1.27089,1,20,0.000000,0
1.26886,1,20,0.200000,0
1.26821,1,20,0.400000,0
1.25929,1,20,0.600000,0
1.26373,1,20,0.800000,0
1.25334,1,20,1.000000,0
1.26658,0,40,0.000000,0
1.26656,0,40,0.200000,0
1.26655,0,40,0.400000,0
1.26654,0,40,0.600000,0
1.26653,0,40,0.800000,0
1.26652,0,40,1.000000,0
1.30286,0.2,40,0.000000,0
1.28043,0.2,40,0.200000,0
1.27468,0.2,40,0.400000,0
1.27026,0.2,40,0.600000,0
1.26365,0.2,40,0.800000,0
1.26543,0.2,40,1.000000,0
1.28882,0.4,40,0.000000,0
1.27652,0.4,40,0.200000,0
1.28035,0.4,40,0.400000,0
1.26921,0.4,40,0.600000,0
1.25721,0.4,40,0.800000,0
1.25759,0.4,40,1.000000,0
1.28475,0.6,40,0.000000,0
1.2674,0.6,40,0.200000,0
1.25251,0.6,40,0.400000,0
1.26657,0.6,40,0.600000,0
1.25919,0.6,40,0.800000,0
1.25326,0.6,40,1.000000,0
1.27945,0.8,40,0.000000,0
1.25856,0.8,40,0.200000,0
1.2596,0.8,40,0.400000,0
1.25705,0.8,40,0.600000,0
1.24553,0.8,40,0.800000,0
1.24539,0.8,40,1.000000,0
1.26238,1,40,0.000000,0
1.26778,1,40,0.200000,0
1.25229,1,40,0.400000,0
1.24474,1,40,0.600000,0
1.24491,1,40,0.800000,0
1.24284,1,40,1.000000,0
1.26658,0,60,0.000000,0
1.26656,0,60,0.200000,0
1.26655,0,60,0.400000,0
1.26653,0,60,0.600000,0
1.26653,0,60,0.800000,0
1.26652,0,60,1.000000,0
1.29761,0.2,60,0.000000,0
1.28482,0.2,60,0.200000,0
1.27982,0.2,60,0.400000,0
1.27158,0.2,60,0.600000,0
1.26867,0.2,60,0.800000,0
1.26096,0.2,60,1.000000,0
1.29981,0.4,60,0.000000,0
1.27904,0.4,60,0.200000,0
1.27579,0.4,60,0.400000,0
1.26329,0.4,60,0.600000,0
1.25993,0.4,60,0.800000,0
1.25598,0.4,60,1.000000,0
1.29674,0.6,60,0.000000,0
1.27257,0.6,60,0.200000,0
1.26582,0.6,60,0.400000,0
1.255,0.6,60,0.600000,0
1.25284,0.6,60,0.800000,0
1.24405,0.6,60,1.000000,0
1.26982,0.8,60,0.000000,0
1.25698,0.8,60,0.200000,0
1.25394,0.8,60,0.400000,0
1.24767,0.8,60,0.600000,0
1.24159,0.8,60,0.800000,0
1.23867,0.8,60,1.000000,0
1.2682,1,60,0.000000,0
1.26252,1,60,0.200000,0
1.25118,1,60,0.400000,0
1.25185,1,60,0.600000,0
1.25182,1,60,0.800000,0
1.24938,1,60,1.000000,0
1.26658,0,80,0.000000,0
1.26656,0,80,0.200000,0
1.26654,0,80,0.400000,0
1.26653,0,80,0.600000,0
1.26653,0,80,0.800000,0
1.26652,0,80,1.000000,0
1.3048,0.2,80,0.000000,0
1.29483,0.2,80,0.200000,0
1.28005,0.2,80,0.400000,0
1.27071,0.2,80,0.600000,0
1.26827,0.2,80,0.800000,0
1.26308,0.2,80,1.000000,0
1.30806,0.4,80,0.000000,0
1.28865,0.4,80,0.200000,0
1.27848,0.4,80,0.400000,0
1.27678,0.4,80,0.600000,0
1.2622,0.4,80,0.800000,0
1.24748,0.4,80,1.000000,0
1.29167,0.6,80,0.000000,0
1.27395,0.6,80,0.200000,0
1.26585,0.6,80,0.400000,0
1.26672,0.6,80,0.600000,0
1.26373,0.6,80,0.800000,0
1.25355,0.6,80,1.000000,0
1.27676,0.8,80,0.000000,0
1.2655,0.8,80,0.200000,0
1.26135,0.8,80,0.400000,0
1.25766,0.8,80,0.600000,0
1.25711,0.8,80,0.800000,0
1.25217,0.8,80,1.000000,0
1.27693,1,80,0.000000,0
1.26482,1,80,0.200000,0
1.25989,1,80,0.400000,0
1.24911,1,80,0.600000,0
1.23835,1,80,0.800000,0
1.23567,1,80,1.000000,0
1.26658,0,100,0.000000,0
1.26656,0,100,0.200000,0
1.26654,0,100,0.400000,0
1.26653,0,100,0.600000,0
1.26652,0,100,0.800000,0
1.26652,0,100,1.000000,0
1.32,0.2,100,0.000000,0
1.28631,0.2,100,0.200000,0
1.28224,0.2,100,0.400000,0
1.27538,0.2,100,0.600000,0
1.267,0.2,100,0.800000,0
1.26467,0.2,100,1.000000,0
1.31115,0.4,100,0.000000,0
1.28798,0.4,100,0.200000,0
1.27604,0.4,100,0.400000,0
1.27298,0.4,100,0.600000,0
1.27379,0.4,100,0.800000,0
1.253,0.4,100,1.000000,0
1.29657,0.6,100,0.000000,0
1.27248,0.6,100,0.200000,0
1.26829,0.6,100,0.400000,0
1.26102,0.6,100,0.600000,0
1.26243,0.6,100,0.800000,0
1.25903,0.6,100,1.000000,0
1.28372,0.8,100,0.000000,0
1.26863,0.8,100,0.200000,0
1.25549,0.8,100,0.400000,0
1.25161,0.8,100,0.600000,0
1.24997,0.8,100,0.800000,0
1.24425,0.8,100,1.000000,0
1.27904,1,100,0.000000,0
1.25981,1,100,0.200000,0
1.24695,1,100,0.400000,0
1.2499,1,100,0.600000,0
1.24062,1,100,0.800000,0
1.24875,1,100,1.000000,0
1.26658,0,120,0.000000,0
1.26656,0,120,0.200000,0
1.26654,0,120,0.400000,0
1.26653,0,120,0.600000,0
1.26652,0,120,0.800000,0
1.26652,0,120,1.000000,0
1.31102,0.2,120,0.000000,0
1.27887,0.2,120,0.200000,0
1.28327,0.2,120,0.400000,0
1.27887,0.2,120,0.600000,0
1.27164,0.2,120,0.800000,0
1.26593,0.2,120,1.000000,0
1.30907,0.4,120,0.000000,0
1.2903,0.4,120,0.200000,0
1.27218,0.4,120,0.400000,0
1.26539,0.4,120,0.600000,0
1.2617,0.4,120,0.800000,0
1.25856,0.4,120,1.000000,0
1.30707,0.6,120,0.000000,0
1.28446,0.6,120,0.200000,0
1.26816,0.6,120,0.400000,0
1.26777,0.6,120,0.600000,0
1.26491,0.6,120,0.800000,0
1.26143,0.6,120,1.000000,0
1.28323,0.8,120,0.000000,0
1.26121,0.8,120,0.200000,0
1.26074,0.8,120,0.400000,0
1.25627,0.8,120,0.600000,0
1.2626,0.8,120,0.800000,0
1.25183,0.8,120,1.000000,0
1.27668,1,120,0.000000,0
1.26647,1,120,0.200000,0
1.26158,1,120,0.400000,0
1.25195,1,120,0.600000,0
1.24869,1,120,0.800000,0
1.24536,1,120,1.000000,0
1.26658,0,140,0.000000,0
1.26656,0,140,0.200000,0
1.26654,0,140,0.400000,0
1.26653,0,140,0.600000,0
1.26652,0,140,0.800000,0
1.26652,0,140,1.000000,0
1.31909,0.2,140,0.000000,0
1.29223,0.2,140,0.200000,0
1.28433,0.2,140,0.400000,0
1.2753,0.2,140,0.600000,0
1.26939,0.2,140,0.800000,0
1.26154,0.2,140,1.000000,0
1.30872,0.4,140,0.000000,0
1.2797,0.4,140,0.200000,0
1.28088,0.4,140,0.400000,0
1.2783,0.4,140,0.600000,0
1.26269,0.4,140,0.800000,0
1.25969,0.4,140,1.000000,0
1.30133,0.6,140,0.000000,0
1.28401,0.6,140,0.200000,0
1.26829,0.6,140,0.400000,0
1.26437,0.6,140,0.600000,0
1.26503,0.6,140,0.800000,0
1.26072,0.6,140,1.000000,0
1.29333,0.8,140,0.000000,0
1.27563,0.8,140,0.200000,0
1.25635,0.8,140,0.400000,0
1.25504,0.8,140,0.600000,0
1.25126,0.8,140,0.800000,0
1.24396,0.8,140,1.000000,0
1.274,1,140,0.000000,0
1.26302,1,140,0.200000,0
1.25042,1,140,0.400000,0
1.25527,1,140,0.600000,0
1.24451,1,140,0.800000,0
1.24482,1,140,1.000000,0
1.26658,0,160,0.000000,0
1.26656,0,160,0.200000,0
1.26654,0,160,0.400000,0
1.26653,0,160,0.600000,0
1.26652,0,160,0.800000,0
1.26652,0,160,1.000000,0
1.31124,0.2,160,0.000000,0
1.29156,0.2,160,0.200000,0
1.27296,0.2,160,0.400000,0
1.27108,0.2,160,0.600000,0
1.2661,0.2,160,0.800000,0
1.25415,0.2,160,1.000000,0
1.31873,0.4,160,0.000000,0
1.28847,0.4,160,0.200000,0
1.27729,0.4,160,0.400000,0
1.27541,0.4,160,0.600000,0
1.26307,0.4,160,0.800000,0
1.26912,0.4,160,1.000000,0
1.30262,0.6,160,0.000000,0
1.27826,0.6,160,0.200000,0
1.28054,0.6,160,0.400000,0
1.27048,0.6,160,0.600000,0
1.26852,0.6,160,0.800000,0
1.25674,0.6,160,1.000000,0
1.29374,0.8,160,0.000000,0
1.27403,0.8,160,0.200000,0
1.27085,0.8,160,0.400000,0
1.25809,0.8,160,0.600000,0
1.26182,0.8,160,0.800000,0
1.25547,0.8,160,1.000000,0
1.28005,1,160,0.000000,0
1.2599,1,160,0.200000,0
1.25006,1,160,0.400000,0
1.25201,1,160,0.600000,0
1.23579,1,160,0.800000,0
1.22805,1,160,1.000000,0
1.26658,0,180,0.000000,0
1.26656,0,180,0.200000,0
1.26654,0,180,0.400000,0
1.26653,0,180,0.600000,0
1.26652,0,180,0.800000,0
1.26652,0,180,1.000000,0
1.30899,0.2,180,0.000000,0
1.28449,0.2,180,0.200000,0
1.28461,0.2,180,0.400000,0
1.27456,0.2,180,0.600000,0
1.27205,0.2,180,0.800000,0
1.26238,0.2,180,1.000000,0
1.3166,0.4,180,0.000000,0
1.28299,0.4,180,0.200000,0
1.27156,0.4,180,0.400000,0
1.26811,0.4,180,0.600000,0
1.26636,0.4,180,0.800000,0
1.26389,0.4,180,1.000000,0
1.3004,0.6,180,0.000000,0
1.28434,0.6,180,0.200000,0
1.27925,0.6,180,0.400000,0
1.27011,0.6,180,0.600000,0
1.26054,0.6,180,0.800000,0
1.26773,0.6,180,1.000000,0
1.28751,0.8,180,0.000000,0
1.26975,0.8,180,0.200000,0
1.26899,0.8,180,0.400000,0
1.26187,0.8,180,0.600000,0
1.26026,0.8,180,0.800000,0
1.25966,0.8,180,1.000000,0
1.28083,1,180,0.000000,0
1.27351,1,180,0.200000,0
1.25734,1,180,0.400000,0
1.25908,1,180,0.600000,0
1.2543,1,180,0.800000,0
1.24922,1,180,1.000000,0
1.26658,0,200,0.000000,0
1.26656,0,200,0.200000,0
1.26654,0,200,0.400000,0
1.26653,0,200,0.600000,0
1.26652,0,200,0.800000,0
1.26652,0,200,1.000000,0
1.32562,0.2,200,0.000000,0
1.28769,0.2,200,0.200000,0
1.28052,0.2,200,0.400000,0
1.27679,0.2,200,0.600000,0
1.26848,0.2,200,0.800000,0
1.26333,0.2,200,1.000000,0
1.31175,0.4,200,0.000000,0
1.29411,0.4,200,0.200000,0
1.28397,0.4,200,0.400000,0
1.27568,0.4,200,0.600000,0
1.26593,0.4,200,0.800000,0
1.2619,0.4,200,1.000000,0
1.30162,0.6,200,0.000000,0
1.28401,0.6,200,0.200000,0
1.28381,0.6,200,0.400000,0
1.26938,0.6,200,0.600000,0
1.26879,0.6,200,0.800000,0
1.25848,0.6,200,1.000000,0
1.29563,0.8,200,0.000000,0
1.27192,0.8,200,0.200000,0
1.26896,0.8,200,0.400000,0
1.27324,0.8,200,0.600000,0
1.26296,0.8,200,0.800000,0
1.25977,0.8,200,1.000000,0
1.28058,1,200,0.000000,0
1.2642,1,200,0.200000,0
1.25484,1,200,0.400000,0
1.26412,1,200,0.600000,0
1.24787,1,200,0.800000,0
1.2439,1,200,1.000000,0
1.26658,0,220,0.000000,0
1.26656,0,220,0.200000,0
1.26654,0,220,0.400000,0
1.26653,0,220,0.600000,0
1.26652,0,220,0.800000,0
1.26652,0,220,1.000000,0
1.32504,0.2,220,0.000000,0
1.28947,0.2,220,0.200000,0
1.2811,0.2,220,0.400000,0
1.26876,0.2,220,0.600000,0
1.2619,0.2,220,0.800000,0
1.25899,0.2,220,1.000000,0
1.31052,0.4,220,0.000000,0
1.28569,0.4,220,0.200000,0
1.28028,0.4,220,0.400000,0
1.26939,0.4,220,0.600000,0
1.27358,0.4,220,0.800000,0
1.26016,0.4,220,1.000000,0
1.30129,0.6,220,0.000000,0
1.28665,0.6,220,0.200000,0
1.28151,0.6,220,0.400000,0
1.26828,0.6,220,0.600000,0
1.26188,0.6,220,0.800000,0
1.26118,0.6,220,1.000000,0
1.29777,0.8,220,0.000000,0
1.2752,0.8,220,0.200000,0
1.27041,0.8,220,0.400000,0
1.26417,0.8,220,0.600000,0
1.2635,0.8,220,0.800000,0
1.2618,0.8,220,1.000000,0
1.28819,1,220,0.000000,0
1.2631,1,220,0.200000,0
1.26634,1,220,0.400000,0
1.25606,1,220,0.600000,0
1.25326,1,220,0.800000,0
1.2461,1,220,1.000000,0
1.26658,0,240,0.000000,0
1.26656,0,240,0.200000,0
1.26654,0,240,0.400000,0
1.26653,0,240,0.600000,0
1.26652,0,240,0.800000,0
1.26652,0,240,1.000000,0
1.32097,0.2,240,0.000000,0
1.28676,0.2,240,0.200000,0
1.27451,0.2,240,0.400000,0
1.27826,0.2,240,0.600000,0
1.26777,0.2,240,0.800000,0
1.26081,0.2,240,1.000000,0
1.32533,0.4,240,0.000000,0
1.30105,0.4,240,0.200000,0
1.28653,0.4,240,0.400000,0
1.27708,0.4,240,0.600000,0
1.2667,0.4,240,0.800000,0
1.25989,0.4,240,1.000000,0
1.30537,0.6,240,0.000000,0
1.28504,0.6,240,0.200000,0
1.28587,0.6,240,0.400000,0
1.27249,0.6,240,0.600000,0
1.27175,0.6,240,0.800000,0
1.26068,0.6,240,1.000000,0
1.29645,0.8,240,0.000000,0
1.28284,0.8,240,0.200000,0
1.28135,0.8,240,0.400000,0
1.26232,0.8,240,0.600000,0
1.26853,0.8,240,0.800000,0
1.25483,0.8,240,1.000000,0
1.28551,1,240,0.000000,0
1.26351,1,240,0.200000,0
1.25701,1,240,0.400000,0
1.25792,1,240,0.600000,0
1.24477,1,240,0.800000,0
1.2485,1,240,1.000000,0
1.26658,0,260,0.000000,0
1.26656,0,260,0.200000,0
1.26654,0,260,0.400000,0
1.26653,0,260,0.600000,0
1.26652,0,260,0.800000,0
1.26652,0,260,1.000000,0
1.31642,0.2,260,0.000000,0
1.29958,0.2,260,0.200000,0
1.28436,0.2,260,0.400000,0
1.2779,0.2,260,0.600000,0
1.26801,0.2,260,0.800000,0
1.26375,0.2,260,1.000000,0
1.31012,0.4,260,0.000000,0
1.28678,0.4,260,0.200000,0
1.27776,0.4,260,0.400000,0
1.27787,0.4,260,0.600000,0
1.26622,0.4,260,0.800000,0
1.26321,0.4,260,1.000000,0
1.29839,0.6,260,0.000000,0
1.28563,0.6,260,0.200000,0
1.2792,0.6,260,0.400000,0
1.26846,0.6,260,0.600000,0
1.26789,0.6,260,0.800000,0
1.2597,0.6,260,1.000000,0
1.30062,0.8,260,0.000000,0
1.26311,0.8,260,0.200000,0
1.27775,0.8,260,0.400000,0
1.26143,0.8,260,0.600000,0
1.26906,0.8,260,0.800000,0
1.27198,0.8,260,1.000000,0
1.27791,1,260,0.000000,0
1.26754,1,260,0.200000,0
1.25845,1,260,0.400000,0
1.25307,1,260,0.600000,0
1.25239,1,260,0.800000,0
1.25514,1,260,1.000000,0
1.26658,0,280,0.000000,0
1.26656,0,280,0.200000,0
1.26654,0,280,0.400000,0
1.26653,0,280,0.600000,0
1.26653,0,280,0.800000,0
1.26652,0,280,1.000000,0
1.31607,0.2,280,0.000000,0
1.29752,0.2,280,0.200000,0
1.2817,0.2,280,0.400000,0
1.2714,0.2,280,0.600000,0
1.27331,0.2,280,0.800000,0
1.26013,0.2,280,1.000000,0
1.3248,0.4,280,0.000000,0
1.29032,0.4,280,0.200000,0
1.28031,0.4,280,0.400000,0
1.27984,0.4,280,0.600000,0
1.26663,0.4,280,0.800000,0
1.26582,0.4,280,1.000000,0
1.30171,0.6,280,0.000000,0
1.28602,0.6,280,0.200000,0
1.2855,0.6,280,0.400000,0
1.27936,0.6,280,0.600000,0
1.26313,0.6,280,0.800000,0
1.26258,0.6,280,1.000000,0
1.29415,0.8,280,0.000000,0
1.28287,0.8,280,0.200000,0
1.27394,0.8,280,0.400000,0
1.26715,0.8,280,0.600000,0
1.2678,0.8,280,0.800000,0
1.2662,0.8,280,1.000000,0
1.28558,1,280,0.000000,0
1.2678,1,280,0.200000,0
1.26378,1,280,0.400000,0
1.25907,1,280,0.600000,0
1.25241,1,280,0.800000,0
1.25376,1,280,1.000000,0
1.26658,0,300,0.000000,0
1.26656,0,300,0.200000,0
1.26654,0,300,0.400000,0
1.26653,0,300,0.600000,0
1.26653,0,300,0.800000,0
1.26652,0,300,1.000000,0
1.32199,0.2,300,0.000000,0
1.29353,0.2,300,0.200000,0
1.28704,0.2,300,0.400000,0
1.27175,0.2,300,0.600000,0
1.27216,0.2,300,0.800000,0
1.26705,0.2,300,1.000000,0
1.32083,0.4,300,0.000000,0
1.30076,0.4,300,0.200000,0
1.28081,0.4,300,0.400000,0
1.27642,0.4,300,0.600000,0
1.2696,0.4,300,0.800000,0
1.25951,0.4,300,1.000000,0
1.30406,0.6,300,0.000000,0
1.29571,0.6,300,0.200000,0
1.2822,0.6,300,0.400000,0
1.27156,0.6,300,0.600000,0
1.27245,0.6,300,0.800000,0
1.26345,0.6,300,1.000000,0
1.30531,0.8,300,0.000000,0
1.28176,0.8,300,0.200000,0
1.27731,0.8,300,0.400000,0
1.26781,0.8,300,0.600000,0
1.26416,0.8,300,0.800000,0
1.26853,0.8,300,1.000000,0
1.29217,1,300,0.000000,0
1.27426,1,300,0.200000,0
1.25959,1,300,0.400000,0
1.26832,1,300,0.600000,0
1.26602,1,300,0.800000,0
1.25083,1,300,1.000000,0
1.26658,0,320,0.000000,0
1.26656,0,320,0.200000,0
1.26654,0,320,0.400000,0
1.26653,0,320,0.600000,0
1.26653,0,320,0.800000,0
1.26652,0,320,1.000000,0
1.32413,0.2,320,0.000000,0
1.28894,0.2,320,0.200000,0
1.28407,0.2,320,0.400000,0
1.28005,0.2,320,0.600000,0
1.27216,0.2,320,0.800000,0
1.26132,0.2,320,1.000000,0
1.32033,0.4,320,0.000000,0
1.29699,0.4,320,0.200000,0
1.28023,0.4,320,0.400000,0
1.27707,0.4,320,0.600000,0
1.27306,0.4,320,0.800000,0
1.26161,0.4,320,1.000000,0
1.31003,0.6,320,0.000000,0
1.2859,0.6,320,0.200000,0
1.28563,0.6,320,0.400000,0
1.27818,0.6,320,0.600000,0
1.26892,0.6,320,0.800000,0
1.25518,0.6,320,1.000000,0
1.29576,0.8,320,0.000000,0
1.28002,0.8,320,0.200000,0
1.28069,0.8,320,0.400000,0
1.2708,0.8,320,0.600000,0
1.26116,0.8,320,0.800000,0
1.25561,0.8,320,1.000000,0
1.28132,1,320,0.000000,0
1.27198,1,320,0.200000,0
1.25096,1,320,0.400000,0
1.25971,1,320,0.600000,0
1.25594,1,320,0.800000,0
1.24939,1,320,1.000000,0
1.26658,0,340,0.000000,0
1.26656,0,340,0.200000,0
1.26654,0,340,0.400000,0
1.26653,0,340,0.600000,0
1.26653,0,340,0.800000,0
1.26652,0,340,1.000000,0
1.31934,0.2,340,0.000000,0
1.29692,0.2,340,0.200000,0
1.27943,0.2,340,0.400000,0
1.28434,0.2,340,0.600000,0
1.2729,0.2,340,0.800000,0
1.26213,0.2,340,1.000000,0
1.31301,0.4,340,0.000000,0
1.29945,0.4,340,0.200000,0
1.2897,0.4,340,0.400000,0
1.27299,0.4,340,0.600000,0
1.27487,0.4,340,0.800000,0
1.26348,0.4,340,1.000000,0
1.31161,0.6,340,0.000000,0
1.29509,0.6,340,0.200000,0
1.27503,0.6,340,0.400000,0
1.27119,0.6,340,0.600000,0
1.27178,0.6,340,0.800000,0
1.25751,0.6,340,1.000000,0
1.2996,0.8,340,0.000000,0
1.27425,0.8,340,0.200000,0
1.28384,0.8,340,0.400000,0
1.27564,0.8,340,0.600000,0
1.26363,0.8,340,0.800000,0
1.25853,0.8,340,1.000000,0
1.28724,1,340,0.000000,0
1.27263,1,340,0.200000,0
1.26043,1,340,0.400000,0
1.26018,1,340,0.600000,0
1.25371,1,340,0.800000,0
1.25031,1,340,1.000000,0
1.26658,0,360,0.000000,0
1.26656,0,360,0.200000,0
1.26654,0,360,0.400000,0
1.26653,0,360,0.600000,0
1.26653,0,360,0.800000,0
1.26652,0,360,1.000000,0
1.32069,0.2,360,0.000000,0
1.29303,0.2,360,0.200000,0
1.27985,0.2,360,0.400000,0
1.27151,0.2,360,0.600000,0
1.26375,0.2,360,0.800000,0
1.2673,0.2,360,1.000000,0
1.32681,0.4,360,0.000000,0
1.29627,0.4,360,0.200000,0
1.27539,0.4,360,0.400000,0
1.27698,0.4,360,0.600000,0
1.2722,0.4,360,0.800000,0
1.26798,0.4,360,1.000000,0
1.30702,0.6,360,0.000000,0
1.28586,0.6,360,0.200000,0
1.28553,0.6,360,0.400000,0
1.27654,0.6,360,0.600000,0
1.26867,0.6,360,0.800000,0
1.25793,0.6,360,1.000000,0
1.29661,0.8,360,0.000000,0
1.28394,0.8,360,0.200000,0
1.27389,0.8,360,0.400000,0
1.27228,0.8,360,0.600000,0
1.27124,0.8,360,0.800000,0
1.26819,0.8,360,1.000000,0
1.29058,1,360,0.000000,0
1.2725,1,360,0.200000,0
1.26469,1,360,0.400000,0
1.25547,1,360,0.600000,0
1.25669,1,360,0.800000,0
1.25126,1,360,1.000000,0
1.26658,0,380,0.000000,0
1.26656,0,380,0.200000,0
1.26654,0,380,0.400000,0
1.26653,0,380,0.600000,0
1.26653,0,380,0.800000,0
1.26652,0,380,1.000000,0
1.3268,0.2,380,0.000000,0
1.28923,0.2,380,0.200000,0
1.28229,0.2,380,0.400000,0
1.27803,0.2,380,0.600000,0
1.27337,0.2,380,0.800000,0
1.26031,0.2,380,1.000000,0
1.31342,0.4,380,0.000000,0
1.29238,0.4,380,0.200000,0
1.28273,0.4,380,0.400000,0
1.2777,0.4,380,0.600000,0
1.26898,0.4,380,0.800000,0
1.25985,0.4,380,1.000000,0
1.31354,0.6,380,0.000000,0
1.28134,0.6,380,0.200000,0
1.27923,0.6,380,0.400000,0
1.27505,0.6,380,0.600000,0
1.26395,0.6,380,0.800000,0
1.26514,0.6,380,1.000000,0
1.30065,0.8,380,0.000000,0
1.2914,0.8,380,0.200000,0
1.27979,0.8,380,0.400000,0
1.27351,0.8,380,0.600000,0
1.27159,0.8,380,0.800000,0
1.26643,0.8,380,1.000000,0
1.28546,1,380,0.000000,0
1.27843,1,380,0.200000,0
1.25801,1,380,0.400000,0
1.25724,1,380,0.600000,0
1.26162,1,380,0.800000,0
1.24394,1,380,1.000000,0
1.26658,0,400,0.000000,0
1.26656,0,400,0.200000,0
1.26654,0,400,0.400000,0
1.26653,0,400,0.600000,0
1.26653,0,400,0.800000,0
1.26653,0,400,1.000000,0
1.32777,0.2,400,0.000000,0
1.29085,0.2,400,0.200000,0
1.2788,0.2,400,0.400000,0
1.27938,0.2,400,0.600000,0
1.27041,0.2,400,0.800000,0
1.26532,0.2,400,1.000000,0
1.32202,0.4,400,0.000000,0
1.29918,0.4,400,0.200000,0
1.29108,0.4,400,0.400000,0
1.2728,0.4,400,0.600000,0
1.26339,0.4,400,0.800000,0
1.26209,0.4,400,1.000000,0
1.31091,0.6,400,0.000000,0
1.2871,0.6,400,0.200000,0
1.27801,0.6,400,0.400000,0
1.26916,0.6,400,0.600000,0
1.27253,0.6,400,0.800000,0
1.26878,0.6,400,1.000000,0
1.30131,0.8,400,0.000000,0
1.28219,0.8,400,0.200000,0
1.28355,0.8,400,0.400000,0
1.26971,0.8,400,0.600000,0
1.26603,0.8,400,0.800000,0
1.25973,0.8,400,1.000000,0
1.29065,1,400,0.000000,0
1.26335,1,400,0.200000,0
1.26958,1,400,0.400000,0
1.27013,1,400,0.600000,0
1.26502,1,400,0.800000,0
1.25929,1,400,1.000000,0
